$ANSIBLE_VAULT;1.1;AES256
62386232316235373965386431313538383736663435643566356131323536393139666163336266
3739663666303533643665613364336464663937313037350a633232356231353238396637663831
63326266373236366139303963333166646361663335653838343437346131333133633334386631
3836356630366162320a623664326235353335396531356536346535636165333761316631313266
62383766313862363865393466633234383434636439613862313131636231643234656666666236
64323766373331346636666465353139353338656438613365316361663235666233376661666366
38623135303363633833363138353133323339316430306336633664353936356136313663353431
65633430313063616134653432613132323939313331396365306236303832623438396465383339
39393138323632623631626638386363396237636136313931326135383633636434313162663834
62393831333436313366643538316531303166613639353033333331636232613230613065393033
61653738373366656338313935626436313065386465366138366333643362366463376363623634
38393832633936373039386133393733623062303834373562313461363937333833303730346436
36356536316234663233653235313831356665326236646438623564633361343434653231316331
30656464333432383632386234383666396136363235393336373839626332353036353664616636
36303162393039373730323961356631336262643762623430313439363530333736306430636633
39386430616333613464386162643963636432353538346363303832393731636333343735333033
34333964386133326261646137643434666633303163383566373332613139326665376635316463
37366264383938326333313238333338386230663963363933313765313561666332393835333536
31336238373937613039373433363835303662643932653366386262636538633236363238323834
37636561383636396630353937623933356336613038373732393233326230386236353064376261
37353965313865316162613034343565343432313337336130653435343533646131303230643261
38346333343363386235356463306564383433383366373762393165663438653939656333316363
32636232643861333834306239333863643365303532366237326261646130633532386630316665
39656164623937326561326436326435366437343039336130363636316631623738386663333561
64346665323839376363326564353464363831306538346361323562313132656530666433326238
32323735313932396138363630313661656166636564356463633062633339623530326431303730
66313562646462386565313235393632643636353837663566303139353839323233666536356661
65306631623936333134633866366262363537353037643766633133646633656433333264633238
37376438383937643039343836623032313565626637616363366461313562356634393633326235
36393064333061643238373636376237333566643638323835306237373432636133656663366239
34653538393735623263353338376461316632613735333066616439616135376537303535383431
38306539623138633536613864343732633734333531666632396466306565653636306335303366
35643933316637333661626130363661323530373464616436626235343230376162393233386432
32373132323262353963383839646539333330333463663731303361336436303463393761373938
66346530343261303737646436646439613462646339333665643831316639623061633230633862
36643363363837383436346131313135333466386335383234303839643134346561623936313833
65393537633336313736656639616531616566363030343730343131313732346364373936306336
33396331386539636635323263613532303134363265313462623630643031323337646336613766
37643931366134393632306635326161623063653331326562646361323730393230313063376137
34396535363136363962613461376563633366326632396435613631303533373461623763313936
66383462353261303337633266633838333737656331313536346635626666336461336335616664
31333165666131356164623466363562613339356566666464363665373561316237356163383235
34353162656537346362623263613963356533343930396533313730326566376231336131303664
63356261333965636137326532313135613938613535613832663063613366343030643530383332
36643865326566613663653462646239373439306232653237333133336563386134343238373465
37653865373365636338313334333864393263303361376538316161313534393038626334383135
32323034636261656564363437393533363564656330643366326138323134643437646437306264
36356236643832353266636261653564653830616531393930613332623331623531333364346530
63616263393361316236313730323364333339666264333038626533313661353733396264356533
64613937386464323364313135353130353931626230396236613035376266623063333164373235
36356233663061353639316132303238393764393566386666303938336536633137616431636433
39346165623966643433646331373264616332646364616539653862303735643065303062643264
36313833333337333439663137333833333135616164306230323236326639386532313464376132
36393164633766626236386265343836323161363637356236313466353735396134646465363238
65326530353632333438323232366166346166326436636434356666643261663964323433616663
61386262353461373733343238393363353633383065346666633036373230653731643538313339
39313136313439363332343765353865363239343964663330656430386232393632363561323833
63316530356364323131323535393534653162656337663763656639663562353138626565363663
34616235636634663162363363643336336266643130323139316333306161343330363864313735
30666536356364313162343238386638393563653066333862613539386662366533393733613930
37636465326661633435643532386531396166323839343362396366623566303861363330386361
62396262336163623532656431663966353531333732333935313265396264313033383034323665
65363162353934323931346165656231396565306336633061383864326463383436613765373836
63363335393732313135313936363934376166376237623563373039376132646533613763313037
39386164336439383533303735356162383837646134653165353737353763326137346234643738
39386232323630643439393532393531643735353963656666343761353562356137663761643565
64623433623135343263333032386634363738396539643230623062373938636632333232656164
30333334613233346165333765316135393162366634646238363434666130383864643962323666
38383830333761373336313566633930346339653833326162346364346266363339633735303230
63393735353737613530623033613032323263363536343461346564353131383866646632383165
37336263326236356538633363636336353630636266353430373139656639663031343061643631
37646665663336336238636664313233343936663235323865376336373830636261343961306638
65393861333038396235636237663062303830333530663738303466646663393831366131626134
31643835303232373663333762313764616465316336613066646132353461376466636461346365
30323632333633346165326261333539373331383239626334373536653730623834323738386166
32616233653037383437356234303966333661633435636537386362656532373737623237366461
38323834346463623062353362383633656563643064303061633566333663343034666135623863
34363437313861313636303333626236643232393862383730313237303661383233646262386139
66643738356435666364303531613533376336323938323866363761363238383230653837396536
64333431336631373235653930336432356139313532323961646535313061633834613237363364
39353936633333303837316262646434393563383933383731633135663236323331613131663637
39393962633162363332616238363532643734623633663661383437346231636233336537643830
65643332333339346461643164383733626230623939643732333564303462356335343630666330
36393963633861613762383135396330643464303365366262363037656262633137643363363937
61353536313439393333613162333364383035653032663365663636356137396330323036623839
33393738653937653663316631623732313938323631383631623039383538633638396231646365
35303262643662313336313963643132396164383736326664373333336662356638303664636433
34366530633266633562663838373234393630323366663934643634396532343138656366393039
63643566363161643136343538646161386265393939323930623361343063356236323237336337
33643262396432353864333838656665363263383536353936623766313030393263313431653063
38626462396336613335613735633761373864643633303935373138643466353039663464666335
39333466646335313933383063643738646232363933323834383030333838666165393961333864
61383865616433373961383631613936633131313463323566303066643632363934396432386261
30353466623564643266356130646230393137383931343736383063646137346666333737366436
36376339316565336630353162376663656564386338633063616462353136346530356238353335
37346635303036643930656132323866326165663864333665383438663830383863666137643664
66313963613762313233353537396361373265616565613863373036376438646466316434346664
38316538353131306165333564383864396635663434633639633539303838313665333738383238
34626438343563346138393739643834626163346330323233333938623861343061303238663562
33316439623235393139333135366666326133346436326532316237626536653061316232333939
38373831653862646533386434363831643464303336306362376533303738303562653866636464
37336239636266316333313930336463393561643366323636326530633662383031626132323639
34393530363930363530636432666635386264346137636334353363666633363038323737643030
36336162363737323031646330666163356131633866333865363634396230643338646533303665
34633432313334636461326334313735346234363132303562313936613361626434623264656665
32303065323666383430303362363563313665316566303862313036643965306233353831396439
33313830666236636565353464336336653137363232353838303562653331643736313261346261
64373935383534346232303330313064383036393336383834633637386235613635393564626362
36643430353339643165393435623236663435393733656265393865396439376639396632643330
33366138326465353831336334343561633666306337363139613035643439366661633337306334
36383966323035373464326233636664333862666430333132626637346632653535386534626331
33633265663436616135653937613766313266613838343235393737623366663164633863646237
62373563383664336436366337656531613966366365313062633833663265393365316265623764
30636265613962653432656539376539316135653935396161353837343333313430633361653666
66663635663262353734396363646536633530333663383563643731336432353765383337303466
36343930336131353563383532303434333337626431633732303763613163653237353832626431
33383131353264383432343061396566386237663763386366666661383335616164623134633364
61643265336463323335666639306331363566626139373030333030623162343438356463653336
62663564363939386166363733643162376232633132396634366338386133363162306331393138
34626565313565306331613961616564626536623536356135336165623633393763306362343662
63363866623966303433326165653331653964626433396338616539663339383064343231373135
32633436616561383535666336353335653433633161303261636432396263396462623832303032
35323635303232633564393263613237623036646261646432303465643034666135653039353365
31353737306234336238323862613132333663373164646564376333333030323230633930633536
36313431663537316165366365376138343563643061366562613731653863396333653665646161
65373863323935623963343462303133376138316239653537303238643935343837663462613262
36613033356636313761626132636134393832323433666636393036643134306230633337323239
61316566653939353937313066303130303634376362393963363338656465613462313034363539
34376232396631333964363766336239383066323964663531366366613936306337343934353161
35666131383532666464313930613236643165663438663539666663373638626564303035333161
63623137376166613562323364363961306331323938303864366166323738336263386666323937
36633735323935643066633330653764383237346130613535316431303661633035336161663638
62626662313935653239376535356564376235396238653831633837393761656466306663333031
34313538333130376338353566356233633232393761363530326333623136316639366130396262
653238336664373463343436343439626565
